-35.741885 0.83253912 6.9239626 0.83253912 35.147629 -2.033492 6.9239626 -2.033492 0.59425567 
42.984988 1.1804799 0.9841501 1.1804799 -41.720482 5.3053076 0.9841501 5.3053076 -1.2645053 
42.982096 1.2914366 0.86580102 1.2914366 -41.705587 5.2193507 0.86580102 5.2193507 -1.2765093 
-35.74507 1.3608917 7.0583096 1.3608917 35.190726 -2.0735867 7.0583096 -2.0735867 0.55434392 
-43.141957 -0.73678247 0.016549155 -0.73678247 31.066729 -4.3440696 0.016549155 -4.3440696 12.075228 
35.585343 -0.44556711 -5.9132545 -0.44556711 -45.82954 2.9496109 -5.9132545 2.9496109 10.244197 
35.593345 -0.26500467 -6.0661342 -0.26500467 -45.842358 2.9153488 -6.0661342 2.9153488 10.249013 
-43.133393 -0.25227496 0.13638323 -0.25227496 31.025797 -4.4227077 0.13638323 -4.4227077 12.107596 
-4.7712038 -0.27208789 -3.6112817 -0.27208789 -14.179619 1.4699466 -3.6112817 1.4699466 18.950823 
11.328981 -4.0442648 -11.576787 -4.0442648 -12.049972 0.76275491 -11.576787 0.76275491 0.72099055 
-5.9937578 6.2073096 -0.47306337 6.2073096 2.1457551 4.9353415 -0.47306337 4.9353415 3.8480027 
7.9742478 2.3556788 -12.964532 2.3556788 6.8705682 1.6577974 -12.964532 1.6577974 -14.844816 
16.921195 0.81702451 13.384321 0.81702451 0.75201581 -4.8663906 13.384321 -4.8663906 -17.673211 
-12.87168 -1.4129344 6.6086907 -1.4129344 1.1062762 -0.33227638 6.6086907 -0.33227638 11.765403 
16.702138 1.6113686 14.979577 1.6113686 -11.316198 -1.0763087 14.979577 -1.0763087 -5.38594 
-15.222916 -0.6980442 3.6779824 -0.6980442 -8.3667714 0.88745299 3.6779824 0.88745299 23.589687 
-23.771927 5.7924292 10.801631 5.7924292 15.977499 3.7690417 10.801631 3.7690417 7.7944286 
15.693681 3.5753276 -4.3779947 3.5753276 -52.710494 0.88611872 -4.3779947 0.88611872 37.016814 
51.902137 -5.158436 4.8595682 -5.158436 -27.53761 -6.2864929 4.8595682 -6.2864929 -24.364527 
-46.61591 -8.2087933 -0.46400218 -8.2087933 42.064383 1.464102 -0.46400218 1.464102 4.5515275 
-46.56769 3.1473756 4.4984999 3.1473756 49.344387 5.8097699 4.4984999 5.8097699 -2.7766962 
51.012403 -0.20635869 -10.636653 -0.20635869 -21.542379 -1.5604385 -10.636653 -1.5604385 -29.470023 
18.752228 0.63667316 1.4749929 0.63667316 -53.692642 -4.2248738 1.4749929 -4.2248738 34.940413 
-21.651334 -3.5503168 -3.8041045 -3.5503168 13.710579 -0.96156423 -3.8041045 -0.96156423 7.9407555 
-3.02259 -9.5530001 14.058996 -9.5530001 -10.78817 -15.554459 14.058996 -15.554459 13.81076 
1.0523049 -0.22114582 0.8065496 -0.22114582 -31.230114 -18.539601 0.8065496 -18.539601 30.177809 
20.451732 -0.23820465 6.0305675 -0.23820465 0.60786611 2.0464498 6.0305675 2.0464498 -21.059598 
-22.410119 9.138492 1.3227184 9.138492 27.2692 3.5528171 1.3227184 3.5528171 -4.8590807 
-19.445258 -6.730923 0.71342982 -6.730923 29.549197 -3.4874269 0.71342982 -3.4874269 -10.103939 
17.122988 3.3221294 -12.389858 3.3221294 4.4749929 -7.818752 -12.389858 -7.818752 -21.597981 
5.6429594 -5.2198057 -0.54945982 -5.2198057 -36.161015 14.537797 -0.54945982 14.537797 30.518056 
-4.725541 4.878089 -5.1081501 4.878089 -14.131941 14.697982 -5.1081501 14.697982 18.857482 
44.026152 -1.2863918 6.9897505 -1.2863918 -40.456555 -0.5616114 6.9897505 -0.5616114 -3.5695975 
-36.687714 -0.5399423 -6.6949674 -0.5399423 30.475595 3.3815629 -6.6949674 3.3815629 6.2121199 
-29.096467 4.0386842 -3.3870043 4.0386842 32.186194 1.1136312 -3.3870043 1.1136312 -3.0897267 
27.080668 5.0216134 -1.2678856 5.0216134 -34.987501 -5.661551 -1.2678856 -5.661551 7.9068336 
32.997259 2.3581067 8.9038654 2.3581067 -45.184264 -1.33766 8.9038654 -1.33766 12.187005 
-34.441437 0.66957034 -4.8829463 0.66957034 28.218591 4.95295 -4.8829463 4.95295 6.2228454 
-37.368291 -0.41721791 -2.7590212 -0.41721791 31.85536 0.12817237 -2.7590212 0.12817237 5.5129314 
32.084015 -1.8692745 -0.74199615 -1.8692745 -32.847629 -4.299574 -0.74199615 -4.299574 0.76361424 
-27.22181 5.684088 6.1653486 5.684088 28.729321 -4.3697837 6.1653486 -4.3697837 -1.507511 
33.863653 0.95542291 9.9197492 0.95542291 -4.1911006 4.3838646 9.9197492 4.3838646 -29.672552 
-10.623338 -1.2271734 0.5845589 -1.2271734 -26.324356 -5.2738554 0.5845589 -5.2738554 36.947694 
6.380795 -5.7776888 8.3249666 -5.7776888 -7.2494746 -1.0621673 8.3249666 -1.0621673 0.86867961 
2.4540135 -0.51985033 -10.322347 -0.51985033 -8.8550242 5.3586685 -10.322347 5.3586685 6.4010108 
2.6957607 -1.9718784 -6.2921851 -1.9718784 -39.773308 1.6074129 -6.2921851 1.6074129 37.077547 
21.064542 0.6566675 -7.9793358 0.6566675 7.8014703 4.219514 -7.9793358 4.219514 -28.866012 
-22.775041 -0.61721079 0.036832839 -0.61721079 28.878489 -4.0737017 0.036832839 -4.0737017 -6.1034483 
-9.2270969 -2.355648 -0.55990766 -2.355648 12.480331 12.468137 -0.55990766 12.468137 -3.2532344 
7.3384427 -3.3122263 1.7922195 -3.3122263 -31.117175 11.666019 1.7922195 11.666019 23.778733 
37.20286 3.0088077 -1.9414731 3.0088077 -16.537058 -1.6501124 -1.9414731 -1.6501124 -20.665802 
-33.131399 1.9572617 -5.8981014 1.9572617 29.732744 4.5430255 -5.8981014 4.5430255 3.3986548 
-37.78326 1.8993517 -1.091674 1.8993517 31.109922 2.3209179 -1.091674 2.3209179 6.673338 
30.885715 0.02525673 1.5450731 0.02525673 -14.535656 -3.2974676 1.5450731 -3.2974676 -16.350059 
7.6570179 -0.52743282 7.4235822 -0.52743282 -40.146024 -12.120133 7.4235822 -12.120133 32.489006 
-10.573806 -2.4964956 3.7515738 -2.4964956 4.0757081 -10.743262 3.7515738 -10.743262 6.4980979 
11.743347 1.8841257 7.123742 1.8841257 -33.975243 2.6257986 7.123742 2.6257986 22.231896 
-12.845512 3.5454108 -0.40469239 3.5454108 2.5094341 3.9741885 -0.40469239 3.9741885 10.336078 
-17.243525 -3.9935794 2.5259088 -3.9935794 13.743104 -1.404662 2.5259088 -1.404662 3.5004218 
14.851554 -2.5410512 -6.6970827 -2.5410512 -5.9067223 -9.7338088 -6.6970827 -9.7338088 -8.9448316 
38.93928 1.5059373 1.678449 1.5059373 -12.462551 1.1617648 1.678449 1.1617648 -26.476729 
-28.146555 1.9995486 -6.1921382 1.9995486 23.589924 8.3036814 -6.1921382 8.3036814 4.5566318 
7.3922969 -0.72445528 9.5466279 -0.72445528 -2.7512935 -2.8778869 9.5466279 -2.8778869 -4.6410033 
-3.0095991 -0.43960095 -0.018516421 -0.43960095 -22.833322 -5.413507 -0.018516421 -5.413507 25.842921 
4.9294177 3.0508237 5.1127012 3.0508237 -53.805451 1.5678807 5.1127012 1.5678807 48.876033 
-12.220975 2.0396691 7.6418388 2.0396691 14.775304 0.98508397 7.6418388 0.98508397 -2.5543289 
-56.562333 -3.5161626 2.6845694 -3.5161626 47.393125 -0.56462431 2.6845694 -0.56462431 9.1692079 
62.2904 -5.217773 4.7205069 -5.217773 -22.764659 -0.43804683 4.7205069 -0.43804683 -39.525741 
63.899421 6.3624546 -8.6675469 6.3624546 -23.502167 1.1777515 -8.6675469 1.1777515 -40.397254 
-56.538011 -3.5719519 -6.4917653 -3.5719519 46.375599 0.097974661 -6.4917653 0.097974661 10.162412 
-11.796108 4.8669757 -5.1979541 4.8669757 15.092231 -0.98767521 -5.1979541 -0.98767521 -3.2961229 
3.7695852 -5.7578866 -3.5153725 -5.7578866 -53.768542 -1.3580778 -3.5153725 -1.3580778 49.998957 
-11.093441 0.19728954 1.1164738 0.19728954 26.812338 -17.51009 1.1164738 -17.51009 -15.718897 
7.7039529 4.6783833 -4.2007293 4.6783833 -29.246569 -11.821987 -4.2007293 -11.821987 21.542617 
39.947027 -3.3385907 -5.1099027 -3.3385907 -31.585459 6.9467281 -5.1099027 6.9467281 -8.3615687 
-44.649706 0.37353727 0.90673651 0.37353727 16.245099 3.5425542 0.90673651 3.5425542 28.404607 
-41.342533 -8.9892094 4.1238273 -8.9892094 13.817551 -8.1662245 4.1238273 -8.1662245 27.524982 
46.386373 -6.3409313 -1.0111668 -6.3409313 -33.768951 -3.5868718 -1.0111668 -3.5868718 -12.617422 
7.0907381 9.2823408 -0.22279365 9.2823408 -23.058789 16.193864 -0.22279365 16.193864 15.968051 
-8.5744831 11.161653 5.9760546 11.161653 33.244174 11.68094 5.9760546 11.68094 -24.669691 
-27.687525 -3.516935 0.46247463 -3.516935 8.8744031 -1.3834768 0.46247463 -1.3834768 18.813122 
19.212779 2.2711757 -0.91285721 2.2711757 -29.138495 4.6883686 -0.91285721 4.6883686 9.9257156 
14.686827 -2.755899 -0.074653154 -2.755899 -33.009203 -0.87057534 -0.074653154 -0.87057534 18.322376 
-29.217008 3.533617 0.82525209 3.533617 14.999558 -1.1587589 0.82525209 -1.1587589 14.21745 
-5.0695037 0.98361073 0.95152859 0.98361073 18.967653 0.95406564 0.95152859 0.95406564 -13.89815 
21.549861 4.3521632 -0.57144415 4.3521632 -22.606818 1.4540396 -0.57144415 1.4540396 1.0569577 
41.063926 -2.6559148 -2.5784287 -2.6559148 -20.667384 1.5801878 -2.5784287 1.5801878 -20.396542 
-23.120849 1.214043 -1.8261644 1.214043 23.779803 -4.2798673 -1.8261644 -4.2798673 -0.65895371 
-4.4542149 -3.3116476 4.3454562 -3.3116476 -2.2662749 -2.7487936 4.3454562 -2.7487936 6.7204898 
17.795949 0.075005141 4.6463173 0.075005141 -25.419323 0.40811225 4.6463173 0.40811225 7.6233742 
13.504407 -2.7650819 0.14438523 -2.7650819 -4.0549539 -0.85109857 0.14438523 -0.85109857 -9.4494531 
-12.804581 0.68025477 -1.5295279 0.68025477 21.538557 -6.8370049 -1.5295279 -6.8370049 -8.733976 
-4.1456899 3.0578618 -7.5006723 3.0578618 6.0841159 1.1052868 -7.5006723 1.1052868 -1.9384261 
5.7335018 0.75027441 -7.1631861 0.75027441 -12.610138 7.5028986 -7.1631861 7.5028986 6.8766361 
13.980796 -0.28897889 -0.87344046 -0.28897889 -21.878838 3.1016854 -0.87344046 3.1016854 7.8980425 
-24.699165 -2.5378823 -2.5107285 -2.5378823 8.1734674 0.35648496 -2.5107285 0.35648496 16.525697 
29.971729 -2.6714156 -9.4498774 -2.6714156 -9.9774024 2.3481441 -9.4498774 2.3481441 -19.994327 
-29.096761 -11.907736 3.1927009 -11.907736 29.956643 -1.3361358 3.1927009 -1.3361358 -0.85988198 
-1.5476309 12.618026 -5.3195431 12.618026 0.13740463 5.3190752 -5.3195431 5.3190752 1.4102262 
3.8977628 3.2360266 4.5134889 3.2360266 -26.538713 8.4488962 4.5134889 8.4488962 22.640951 
13.528054 -7.693396 -3.4446659 -7.693396 -31.070285 -8.2917017 -3.4446659 -8.2917017 17.542231 
-17.743915 -3.1852065 9.610712 -3.1852065 9.9874602 -11.705625 9.610712 -11.705625 7.7564545 
-15.569566 3.484229 -6.3605186 3.484229 13.132513 -4.416598 -6.3605186 -4.416598 2.4370533 
17.672349 7.8467385 3.885313 7.8467385 -12.419906 -1.0164206 3.885313 -1.0164206 -5.2524431 
-9.1876471 -0.76077854 -3.5990703 -0.76077854 -16.892919 -17.511278 -3.5990703 -17.511278 26.080566 
9.1681966 -1.9214018 6.9571566 -1.9214018 -21.926245 -13.895661 6.9571566 -13.895661 12.758049 
-6.7141973 1.3225965 -2.6368973 1.3225965 14.650585 10.907356 -2.6368973 10.907356 -7.9363877 
8.3774842 0.36813913 -1.4789808 0.36813913 12.379696 3.8072017 -1.4789808 3.8072017 -20.757181 
-3.730926 2.7927218 -6.0235853 2.7927218 8.0701956 -10.985012 -6.0235853 -10.985012 -4.3392697 
2.7171571 -1.5639264 4.5474028 -1.5639264 3.6793963 -2.5328744 4.5474028 -2.5328744 -6.3965534 
-4.4326923 1.5561496 -0.95248043 1.5561496 -16.444247 17.049116 -0.95248043 17.049116 20.876939 
-1.2487714 -2.5943327 0.22019722 -2.5943327 -18.072609 14.785483 0.22019722 14.785483 19.32138 
-39.308963 7.8191781 -3.8455187 7.8191781 13.220847 -5.7999023 -3.8455187 -5.7999023 26.088116 
36.534617 2.6972604 -3.7382333 2.6972604 -36.751709 -5.6324986 -3.7382333 -5.6324986 0.21709165 
21.965229 -5.8556892 -0.8071495 -5.8556892 -28.497078 3.7491212 -0.8071495 3.7491212 6.5318488 
-18.507783 -11.467904 -0.58786662 -11.467904 37.616111 7.7003027 -0.58786662 7.7003027 -19.108328 
-20.109294 11.90521 3.3496646 11.90521 49.186083 -4.9072336 3.3496646 -4.9072336 -29.076789 
12.392859 6.2935311 3.0712396 6.2935311 -13.199893 -7.6986653 3.0712396 -7.6986653 0.80703464 
43.055697 -6.8253552 0.58584709 -6.8253552 -49.538458 4.3442135 0.58584709 4.3442135 6.4827604 
-40.758743 -12.927331 0.41941955 -12.927331 4.1613111 5.3365597 0.41941955 5.3365597 36.597432 
16.019454 -7.3761001 2.9475396 -7.3761001 -30.732195 1.6281611 2.9475396 1.6281611 14.71274 
-31.651066 -3.3380743 -1.4851393 -3.3380743 11.030631 -0.61515558 -1.4851393 -0.61515558 20.620435 
-21.306564 3.2908294 -7.3411288 3.2908294 18.166514 -10.891339 -7.3411288 -10.891339 3.1400498 
19.659238 7.3936554 3.9199971 7.3936554 -24.688375 -2.1229944 3.9199971 -2.1229944 5.029137 
16.966623 -6.8803677 3.520663 -6.8803677 -5.9881141 9.8693979 3.520663 9.8693979 -10.978509 
-17.851409 -4.2727554 -1.4547454 -4.2727554 34.062169 1.6305267 -1.4547454 1.6305267 -16.21076 
-20.088171 3.9949221 -3.4131026 3.9949221 8.3561956 -2.2373013 -3.4131026 -2.2373013 11.731975 
33.730119 6.6673347 7.3052939 6.6673347 -36.211236 0.53548846 7.3052939 0.53548846 2.4811163 
4.5060724 5.6807588 -1.0297816 5.6807588 8.7335061 -1.6069889 -1.0297816 -1.6069889 -13.239578 
-3.1912038 5.9450932 3.1782759 5.9450932 -11.698302 -4.9737946 3.1782759 -4.9737946 14.889506 
21.702697 -5.193199 -2.1830415 -5.193199 -25.47571 -2.8690639 -2.1830415 -2.8690639 3.7730136 
-34.707459 -4.6497406 1.3629342 -4.6497406 -0.38098042 -1.0176597 1.3629342 -1.0176597 35.08844 
-17.102612 -2.2120696 0.27340289 -2.2120696 -2.5746053 3.6647051 0.27340289 3.6647051 19.677218 
25.417352 -8.7372143 4.3474072 -8.7372143 -23.183616 0.69472638 4.3474072 0.69472638 -2.2337357 
4.388368 8.1851777 -1.4700088 8.1851777 0.047566791 2.5548187 -1.4700088 2.5548187 -4.4359348 
-1.8045472 1.939157 1.9419138 1.939157 24.965093 4.8030498 1.9419138 4.8030498 -23.160546 
45.108073 1.3606992 8.0210379 1.3606992 -13.446864 1.2612578 8.0210379 1.2612578 -31.661208 
-34.188313 -1.4012451 3.4337035 -1.4012451 44.801226 -2.5404388 3.4337035 -2.5404388 -10.612913 
-26.10135 0.7674979 8.0765206 0.7674979 4.181333 1.947238 8.0765206 1.947238 21.920017 
17.792612 -0.74186563 2.1946586 -0.74186563 -56.944134 1.6230863 2.1946586 1.6230863 39.151522 
15.877397 12.147722 -2.639264 12.147722 -57.75622 -2.1390487 -2.639264 -2.1390487 41.878823 
-14.830086 -5.955578 -7.3903901 -5.955578 -3.8795392 -2.0931955 -7.3903901 -2.0931955 18.709626 
-43.654981 6.9234556 -1.8153661 6.9234556 57.517348 -1.3381958 -1.8153661 -1.3381958 -13.862367 
48.827884 -9.927264 -7.8610197 -9.927264 -7.9795289 2.1852023 -7.8610197 2.1852023 -40.848355 
-1.6472307 -0.8827371 10.961632 -0.8827371 -2.6496488 -7.2696094 10.961632 -7.2696094 4.2968795 
-0.35690905 0.36794937 -1.3217737 0.36794937 -13.082788 -12.457758 -1.3217737 -12.457758 13.439697 
9.4685052 0.32630697 8.6437995 0.32630697 -5.2719969 -8.4020179 8.6437995 -8.4020179 -4.1965083 
-15.230263 1.4752455 2.2549596 1.4752455 8.5828252 -9.2737664 2.2549596 -9.2737664 6.6474379 
-5.800424 0.53480893 3.2118752 0.53480893 -4.0329351 9.8213368 3.2118752 9.8213368 9.8333591 
6.9927624 0.026057986 -9.284873 0.026057986 -14.439097 8.9214301 -9.284873 8.9214301 7.4463344 
2.488462 -0.61178197 -3.4822696 -0.61178197 -3.8108604 9.1091884 -3.4822696 9.1091884 1.3223984 
-10.707442 -1.2222808 -10.084452 -1.2222808 10.070939 12.525682 -10.084452 12.525682 0.63650271 
22.785359 -4.4354174 -7.1700111 -4.4354174 -46.539821 -3.1290104 -7.1700111 -3.1290104 23.754463 
-25.619424 -7.5363539 -6.2103734 -7.5363539 12.293257 -6.2384359 -6.2103734 -6.2384359 13.326167 
-29.794719 8.2152079 1.5736069 8.2152079 34.63627 -4.3686249 1.5736069 -4.3686249 -4.8415512 
33.837529 6.0314123 -8.7653222 6.0314123 -16.987178 2.2574691 -8.7653222 2.2574691 -16.85035 
45.00207 -12.625432 6.802309 -12.625432 -22.20968 3.5390905 6.802309 3.5390905 -22.79239 
-35.869072 6.1600873 8.1003147 6.1600873 36.408455 -0.91399223 8.1003147 -0.91399223 -0.53938257 
-16.990958 -8.4506978 12.791802 -8.4506978 11.568296 1.7414597 12.791802 1.7414597 5.4226616 
14.174931 11.251963 2.7912404 11.251963 -40.270097 7.0238964 2.7912404 7.0238964 26.095166 
2.1946766 -13.858079 6.160532 -13.858079 8.4651882 -3.053955 6.160532 -3.053955 -10.659865 
-6.390168 1.4656916 -0.51716169 1.4656916 -30.701213 -5.7304584 -0.51716169 -5.7304584 37.091381 
43.736478 -2.7083951 6.6712369 -2.7083951 -13.318488 -1.0882754 6.6712369 -1.0882754 -30.417991 
-39.349935 11.865664 6.3993638 11.865664 27.434603 3.2339338 6.3993638 3.2339338 11.915333 
-38.043146 -9.5971059 -0.86132402 -9.5971059 25.271724 0.25035881 -0.86132402 0.25035881 12.771422 
41.929497 3.5396284 -7.9803271 3.5396284 -13.837877 -4.0322268 -7.9803271 -4.0322268 -28.09162 
-4.048118 -1.5042829 -5.218256 -1.5042829 -30.819763 2.5876816 -5.218256 2.5876816 34.867881 
1.4229565 10.88274 -5.9314385 10.88274 9.9901266 5.3038086 -5.9314385 5.3038086 -11.413083 
1.6291616 -7.2070838 1.8114582 -7.2070838 -9.8952064 12.165919 1.8114582 12.165919 8.2660448 
-5.1812834 -2.1617328 13.420646 -2.1617328 -17.575345 11.116198 13.420646 11.116198 22.756628 
7.1545032 3.4298397 1.5596054 3.4298397 3.3706142 -2.0347265 1.5596054 -2.0347265 -10.525117 
-8.3882887 8.7735276 8.3159468 8.7735276 5.0839472 -2.6468579 8.3159468 -2.6468579 3.3043416 
-12.866411 -10.908471 -11.182653 -10.908471 16.529867 5.0400898 -11.182653 5.0400898 -3.6634565 
6.5818652 1.1949994 -0.21104029 1.1949994 12.931908 0.56315059 -0.21104029 0.56315059 -19.513773 
-2.3312319 -1.6537636 -10.398173 -1.6537636 -22.648763 -9.2229674 -10.398173 -9.2229674 24.979994 
8.384697 10.748043 -4.2794059 10.748043 -16.85325 -13.262317 -4.2794059 -13.262317 8.4685535 
-3.3426989 -9.7588932 3.8350624 -9.7588932 21.664758 -3.123446 3.8350624 -3.123446 -18.322059 
5.177416 -1.3255866 -2.1418 -1.3255866 46.559301 -3.1055426 -2.1418 -3.1055426 -51.736717 
-33.890145 1.8129807 10.444047 1.8129807 -26.764654 2.2202606 10.444047 2.2202606 60.654799 
40.579917 9.6548271 0.35920725 9.6548271 -54.516183 8.5297825 0.35920725 8.5297825 13.936266 
37.483971 -5.7866944 1.2925603 -5.7866944 -51.69999 1.9216375 1.2925603 1.9216375 14.21602 
-36.566817 -1.2875021 -4.8338814 -1.2875021 -25.199497 -10.695909 -4.8338814 -10.695909 61.766314 
6.333189 1.6587339 -0.34119694 1.6587339 42.915539 6.7118736 -0.34119694 6.7118736 -49.248728 
-1.7676523 5.5664661 -10.575616 5.5664661 16.769961 0.38594534 -10.575616 0.38594534 -15.002309 
15.105669 5.1537843 -0.35813814 5.1537843 -21.882276 2.9990707 -0.35813814 2.9990707 6.7766068 
-21.980507 16.565363 5.005199 16.565363 28.332928 2.9790856 5.005199 2.9790856 -6.3524209 
-26.060482 -14.203498 0.38356546 -14.203498 16.654036 3.8101025 0.38356546 3.8101025 9.4064456 
34.272083 -1.9494414 0.063931393 -1.9494414 -31.815885 5.764717 0.063931393 5.764717 -2.4561983 
28.693032 0.23993517 -5.1267836 0.23993517 -18.468585 -3.1298188 -5.1267836 -3.1298188 -10.224447 
-36.066549 19.790852 -0.18354161 19.790852 33.193279 -5.3150475 -0.18354161 -5.3150475 2.8732704 
-13.521746 -20.569927 2.1505951 -20.569927 11.380032 -2.4718321 2.1505951 -2.4718321 2.1417136 
19.137413 -0.1765324 1.4108659 -0.1765324 -35.643228 -2.6824612 1.4108659 -2.6824612 16.505815 
-25.796823 -7.9345807 -5.5631061 -7.9345807 23.487056 3.621488 -5.5631061 3.621488 2.3097678 
31.52479 -0.13231953 1.6223876 -0.13231953 1.8190423 6.5114873 1.6223876 6.5114873 -33.343832 
-12.655643 1.1113613 0.9826304 1.1113613 -28.931477 -13.677286 0.9826304 -13.677286 41.58712 
12.16637 8.5928553 -5.6068188 8.5928553 -14.568593 -5.6049499 -5.6068188 -5.6049499 2.4022235 
0.73472093 -3.1796579 -0.81562906 -3.1796579 -15.373648 15.237089 -0.81562906 15.237089 14.638927 
1.9608383 1.0729848 5.7992273 1.0729848 -39.818881 3.5082628 5.7992273 3.5082628 37.858043 
14.04062 0.61856164 4.6661489 0.61856164 12.51252 -1.8633826 4.6661489 -1.8633826 -26.553141 
-17.232863 4.5504372 -2.4939377 4.5504372 24.098184 -8.4098721 -2.4939377 -8.4098721 -6.8653216 
-4.0452533 -6.7693007 -3.9449204 -6.7693007 5.7717432 3.0292632 -3.9449204 3.0292632 -1.7264899 
14.215141 -13.701481 3.5061111 -13.701481 -20.355875 0.93368948 3.5061111 0.93368948 6.1407342 
25.662407 13.839995 -13.735009 13.839995 -11.408249 -1.6817436 -13.735009 -1.6817436 -14.254159 
-11.625515 7.1488243 -5.3426339 7.1488243 18.361954 -6.9909763 -5.3426339 -6.9909763 -6.7364382 
-14.12265 -5.0331458 -3.0588731 -5.0331458 8.6259704 2.145897 -3.0588731 2.145897 5.4966799 
9.6808301 -10.214117 5.2677421 -10.214117 -14.805439 4.8747619 5.2677421 4.8747619 5.1246092 
13.688329 9.6512153 6.7134472 9.6512153 -26.780846 -1.7213854 6.7134472 -1.7213854 13.092517 
-18.056507 4.7112531 15.981406 4.7112531 5.6855647 -2.2061795 15.981406 -2.2061795 12.370943 
34.979195 -0.096479223 1.2964784 -0.096479223 6.1250311 5.6781491 1.2964784 5.6781491 -41.104226 
-34.310859 -8.9328782 3.0379938 -8.9328782 44.200702 2.3320444 3.0379938 2.3320444 -9.8898432 
3.546743 8.6717888 -1.7175048 8.6717888 -18.245146 -1.7883637 -1.7175048 -1.7883637 14.698403 
-5.3216429 0.39819683 5.941125 0.39819683 -46.619397 -0.39870067 5.941125 -0.39870067 51.94104 
-3.7201778 3.7320831 -1.7330804 3.7320831 -39.451672 -0.53901113 -1.7330804 -0.53901113 43.17185 
1.3391878 -0.4273318 0.184236 -0.4273318 -10.318339 0.59899997 0.184236 0.59899997 8.979151 
-28.214978 0.41135335 -5.2964418 0.41135335 39.524724 -7.298029 -5.2964418 -7.298029 -11.309746 
37.266055 -3.1852546 2.537989 -3.1852546 2.2081343 -1.4242502 2.537989 -1.4242502 -39.474189 
-43.509085 4.7745335 -3.4091627 4.7745335 -7.9819117 5.3127848 -3.4091627 5.3127848 51.490997 
40.932323 4.175474 -3.3396454 4.175474 -49.483674 -2.23999 -3.3396454 -2.23999 8.5513505 
-1.7034653 -3.476629 7.8784372 -3.476629 4.4089625 -5.7546063 7.8784372 -5.7546063 -2.7054972 
-0.92555295 -4.0199374 -5.2171544 -4.0199374 38.77026 -11.154312 -5.2171544 -11.154312 -37.844707 
-9.3642103 2.0937353 3.9445854 2.0937353 44.68312 6.6084167 3.9445854 6.6084167 -35.31891 
15.25707 4.7696012 4.9683982 4.7696012 -2.0205247 12.377148 4.9683982 12.377148 -13.236545 
30.076779 -4.9550215 6.5796109 -4.9550215 -42.377426 -5.6534422 6.5796109 -5.6534422 12.300647 
-28.965438 -2.2234046 -5.5616852 -2.2234046 -13.218011 2.2683583 -5.5616852 2.2683583 42.183449 
40.205743 -4.2585061 1.8952691 -4.2585061 -34.911954 -4.6280396 1.8952691 -4.6280396 -5.2937893 
-37.010319 20.463022 2.0445648 20.463022 27.149107 -4.4117928 2.0445648 -4.4117928 9.8612125 
-28.425379 -19.433631 1.3792309 -19.433631 26.852405 -3.6400587 1.3792309 -3.6400587 1.5729739 
18.046125 4.2779888 2.6453577 4.2779888 -29.374542 -8.4164056 2.6453577 -8.4164056 11.328416 
31.935558 -6.5837634 -1.5267993 -6.5837634 -41.722066 1.8116182 -1.5267993 1.8116182 9.7865076 
-28.397618 18.510744 -1.4070349 18.510744 18.827329 8.6852515 -1.4070349 8.6852515 9.5702892 
-33.514914 -17.98842 -2.6600933 -17.98842 37.514521 2.1535715 -2.6600933 2.1535715 -3.9996077 
29.839476 6.0961801 -1.4234979 6.0961801 -20.22409 4.0346112 -1.4234979 4.0346112 -9.6153854 
-33.627143 5.8735892 -7.3003755 5.8735892 18.831136 -2.0430416 -7.3003755 -2.0430416 14.796006 
37.656877 1.2146515 -3.9207889 1.2146515 -52.040053 -7.7206059 -3.9207889 -7.7206059 14.383176 
41.875413 0.013802856 -5.0369088 0.013802856 -18.328052 -9.4208804 -5.0369088 -9.4208804 -23.547362 
-33.145026 -3.4398029 -3.8807016 -3.4398029 52.754348 -1.7121789 -3.8807016 -1.7121789 -19.609321 
-42.853035 -10.520906 5.0321156 -10.520906 42.799625 8.9365547 5.0321156 8.9365547 0.053409866 
39.156504 1.8157501 7.5192201 1.8157501 -32.486878 1.7670097 7.5192201 1.7670097 -6.6696265 
25.024499 -1.8331279 3.376556 -1.8331279 -53.66565 1.2458025 3.376556 1.2458025 28.641151 
-39.270422 11.70886 3.6402811 11.70886 13.001436 7.4625233 3.6402811 7.4625233 26.268986 
15.185416 -2.0084445 2.6940495 -2.0084445 -14.528421 6.7964722 2.6940495 6.7964722 -0.65699524 
-18.960246 11.361559 0.53490999 11.361559 39.620621 1.9222897 0.53490999 1.9222897 -20.660375 
-32.682358 -10.446885 -7.3350043 -10.446885 7.1768436 4.2761251 -7.3350043 4.2761251 25.505514 
36.031634 3.6699186 -2.4265849 3.6699186 -43.027121 5.2162708 -2.4265849 5.2162708 6.9954863 
27.51615 -5.459151 2.017683 -5.459151 -34.274165 -3.2785323 2.017683 -3.2785323 6.7580146 
-33.509185 8.4110306 -0.33506008 8.4110306 11.313052 -3.4846329 -0.33506008 -3.4846329 22.196133 
-18.873906 -9.1486393 0.82805457 -9.1486393 33.607127 -6.1260679 0.82805457 -6.1260679 -14.733221 
22.960414 5.4683422 5.5428703 5.4683422 -25.158663 -0.51784041 5.5428703 -0.51784041 2.1982493 
-39.412451 1.7205703 -0.94575846 1.7205703 15.584288 -6.8028527 -0.94575846 -6.8028527 23.828163 
43.933968 -0.42919422 3.8170256 -0.42919422 -37.189571 3.295429 3.8170256 3.295429 -6.7443966 
5.6292638 -0.79473824 -1.8798525 -0.79473824 -21.826436 13.24224 -1.8798525 13.24224 16.197172 
-12.015618 -2.5178121 -0.23598674 -2.5178121 26.375755 17.110737 -0.23598674 17.110737 -14.360137 
-15.689974 3.8564896 -5.0498669 3.8564896 27.634384 -13.325594 -5.0498669 -13.325594 -11.94441 
20.446664 1.2838177 -0.29072 1.2838177 -29.869928 -12.979493 -0.29072 -12.979493 9.4232641 
31.387398 -2.7053587 -2.2154479 -2.7053587 -25.517516 7.2761195 -2.2154479 7.2761195 -5.8698818 
-33.467264 -4.85134 -0.57521938 -4.85134 17.954221 1.3924349 -0.57521938 1.3924349 15.513042 
-10.012674 1.971359 -8.6672578 1.971359 10.630874 -3.2295138 -8.6672578 -3.2295138 -0.61820023 
23.269091 14.311616 -1.5029581 14.311616 -26.766992 -4.8174702 -1.5029581 -4.8174702 3.497901 
23.522206 -15.495743 -4.617425 -15.495743 -12.074339 1.2117329 -4.617425 1.2117329 -11.447867 
-14.272043 -3.1777218 5.8102366 -3.1777218 22.946673 0.10030187 5.8102366 0.10030187 -8.6746301 
-20.112827 -3.6995099 3.9576566 -3.6995099 14.09466 -0.5611879 3.9576566 -0.5611879 6.0181676 
18.245617 6.1073749 10.609171 6.1073749 -21.110102 0.57548507 10.609171 0.57548507 2.8644852 
11.792996 -5.8468968 -7.308169 -5.8468968 -29.066884 3.7487295 -7.308169 3.7487295 17.273888 
-20.924574 3.9377525 2.606707 3.9377525 8.1472328 5.3619278 2.606707 5.3619278 12.777341 
-18.36742 -1.3809206 -8.8555273 -1.3809206 -19.266583 12.74094 -8.8555273 12.74094 37.634003 
12.644297 -2.4002161 -12.295845 -2.4002161 -8.7026198 9.3748437 -12.295845 9.3748437 -3.9416773 
-30.396137 2.0297403 -7.2501501 2.0297403 10.491506 -0.37042133 -7.2501501 -0.37042133 19.904631 
26.301262 0.56054574 -17.169922 0.56054574 -7.2458388 1.1429129 -17.169922 1.1429129 -19.055423 
21.768112 3.1795163 8.8098742 3.1795163 2.5343835 0.16808873 8.8098742 0.16808873 -24.302495 
-17.359753 -4.7398447 4.2761585 -4.7398447 10.09979 -2.6618953 4.2761585 -2.6618953 7.259963 
7.8243697 4.0369618 18.279888 4.0369618 1.9357564 -12.475878 18.279888 -12.475878 -9.7601262 
-5.6178136 -4.3322983 7.2667184 -4.3322983 -18.800145 -10.426432 7.2667184 -10.426432 24.417958 
24.082438 2.9478545 11.994679 2.9478545 -0.78048616 1.6044259 11.994679 1.6044259 -23.301952 
-24.654218 0.97363981 -1.040266 0.97363981 27.807673 0.11077847 -1.040266 0.11077847 -3.153455 
-2.7274609 -0.90239408 15.366022 -0.90239408 -16.404765 -7.4820468 15.366022 -7.4820468 19.132226 
-1.6392115 -2.9259984 7.3898105 -2.9259984 -36.599796 -2.872425 7.3898105 -2.872425 38.239008 
15.311098 -1.5752197 2.9871022 -1.5752197 -34.227878 7.0206275 2.9871022 7.0206275 18.91678 
-7.465392 -3.3667217 -9.7730359 -3.3667217 -4.8622799 1.7841707 -9.7730359 1.7841707 12.327672 
-6.9972911 3.9485473 -6.1713271 3.9485473 26.453515 -1.5287288 -6.1713271 -1.5287288 -19.456224 
20.051124 2.1076556 -13.872732 2.1076556 7.0359237 -0.66191631 -13.872732 -0.66191631 -27.087048 
-7.0757293 -3.5219188 -0.63152776 -3.5219188 -36.806479 16.172875 -0.63152776 16.172875 43.882209 
4.1851646 -8.2543816 -9.523803 -8.2543816 -11.538409 12.483885 -9.523803 12.483885 7.353244 
-31.331745 7.6535035 4.1743074 7.6535035 32.207582 -5.3377681 4.1743074 -5.3377681 -0.87583687 
33.898601 2.4400981 -3.2669107 2.4400981 -1.148856 -9.3486457 -3.2669107 -9.3486457 -32.749745 
27.24803 -5.1426054 7.8029864 -5.1426054 4.2317836 6.9527972 7.8029864 6.9527972 -31.479814 
-25.420026 -5.9703256 -0.57719035 -5.9703256 33.630252 10.746751 -0.57719035 10.746751 -8.2102266 
-0.61167652 4.8184488 1.6317911 4.8184488 -12.31527 -14.794078 1.6317911 -14.794078 12.926946 
0.68972022 3.509786 -5.2973286 3.509786 -41.54131 -11.322012 -5.2973286 -11.322012 40.85159 
-0.74635751 -3.8576138 4.2009377 -3.8576138 -3.7998953 4.0945848 4.2009377 4.0945848 4.5462528 
-0.82298478 0.2127202 -1.5979283 0.2127202 -6.1307349 -3.8601685 -1.5979283 -3.8601685 6.9537197 
-0.56107032 2.2841987 -0.2536625 2.2841987 -0.34864202 -5.9716971 -0.2536625 -5.9716971 0.90971235 
-0.74620762 6.3657835 -1.4217509 6.3657835 -1.4468336 0.84141454 -1.4217509 0.84141454 2.1930413 
-2.0999089 -11.594905 -2.9863873 -11.594905 1.7136511 5.3843981 -2.9863873 5.3843981 0.38625777 
6.408702 -8.0148873 -7.7935873 -8.0148873 -1.823335 -0.3652601 -7.7935873 -0.3652601 -4.5853671 
0.87042626 7.9509536 -2.0097954 7.9509536 -5.8678913 -5.8221733 -2.0097954 -5.8221733 4.9974651 
9.2705271 11.542223 -2.1862177 11.542223 -8.1722294 3.1960334 -2.1862177 3.1960334 -1.0982977 
2.1201185 0.76835338 3.2837941 0.76835338 -51.89037 1.7988746 3.2837941 1.7988746 49.770251 
-6.7998891 8.5120569 4.7232392 8.5120569 -17.255376 -1.7041247 4.7232392 -1.7041247 24.055265 
-34.386383 -9.424209 -1.1531517 -9.424209 46.106634 2.5755755 -1.1531517 2.5755755 -11.720251 
36.762177 -1.9155228 -0.46203835 -1.9155228 2.6218407 4.9712782 -0.46203835 4.9712782 -39.384017 
39.394269 3.7564148 -4.1221504 3.7564148 7.8673533 -3.4511046 -4.1221504 -3.4511046 -47.261622 
-27.660401 5.3778166 -2.6689316 5.3778166 50.674334 -5.616708 -2.6689316 -5.616708 -23.013934 
-3.894881 -4.3677545 0.0060733715 -4.3677545 -14.37258 -2.785265 0.0060733715 -2.785265 18.267461 
9.1190166 -2.9813701 0.7109604 -2.9813701 -49.685387 0.94783364 0.7109604 0.94783364 40.56637 
0.99755432 -18.051421 -4.8893607 -18.051421 9.1059888 -0.33836369 -4.8893607 -0.33836369 -10.103543 
5.0549276 3.7478435 12.125932 3.7478435 4.7093901 1.3906398 12.125932 1.3906398 -9.7643177 
11.964719 -4.7856455 -0.250861 -4.7856455 -14.00512 1.2984157 -0.250861 1.2984157 2.0404016 
2.4509522 16.441588 12.124115 16.441588 -8.2070386 3.1947541 12.124115 3.1947541 5.7560864 
-5.4655614 -12.683447 -11.137831 -12.683447 -5.440369 -0.033882804 -11.137831 -0.033882804 10.90593 
-2.3924424 5.1299996 5.6042584 5.1299996 -8.0706947 -2.2445942 5.6042584 -2.2445942 10.463137 
6.7407393 -1.9874189 -9.4594021 -1.9874189 -7.3627856 1.5181165 -9.4594021 1.5181165 0.62204633 
-3.7572815 15.253996 2.6423711 15.253996 0.20156904 -0.52526001 2.6423711 -0.52526001 3.5557125 
10.562448 1.473066 5.7566316 1.473066 -37.284976 -9.8658718 5.7566316 -9.8658718 26.722528 
-15.187869 -2.2468603 -7.6772741 -2.2468603 12.029554 -3.3285297 -7.6772741 -3.3285297 3.1583157 
-36.280462 3.4638598 13.248885 3.4638598 33.575648 7.9853392 13.248885 7.9853392 2.7048138 
43.521226 -0.10224879 -13.690172 -0.10224879 -22.551191 1.1200346 -13.690172 1.1200346 -20.970036 
31.017024 3.9778348 12.616819 3.9778348 -18.513091 -7.6871754 12.616819 -7.6871754 -12.503933 
-32.678477 -2.137725 -1.3842443 -2.137725 32.743717 -0.71892496 -1.3842443 -0.71892496 -0.065239464 
-22.492019 1.77845 14.155352 1.77845 13.097701 9.7962032 14.155352 9.7962032 9.3943181 
19.364485 -4.1832921 -13.350864 -4.1832921 -41.08686 3.3618069 -13.350864 3.3618069 21.722375 
16.168411 7.021955 -1.6072738 7.021955 -24.21814 2.240262 -1.6072738 2.240262 8.0497293 
-26.969206 -0.28908404 -6.8237867 -0.28908404 2.3727002 -0.27927858 -6.8237867 -0.27927858 24.596506 
-3.5686905 1.4856065 -5.1722885 1.4856065 14.569429 -6.0525777 -5.1722885 -6.0525777 -11.000738 
7.9220091 -5.9126079 -1.9139304 -5.9126079 -12.882923 -2.5001998 -1.9139304 -2.5001998 4.9609134 
6.2777063 7.5852123 7.4483037 7.5852123 -0.96346162 6.8064232 7.4483037 6.8064232 -5.3142447 
-5.6466085 -2.1501578 1.605916 -2.1501578 26.844446 2.3811139 1.605916 2.3811139 -21.197837 
-18.745341 1.9306186 4.9869139 1.9306186 -5.1477641 -1.7004613 4.9869139 -1.7004613 23.893105 
23.958661 -7.8919268 7.6193973 -7.8919268 -31.383049 -0.05385217 7.6193973 -0.05385217 7.4243874 
15.265269 2.2699371 -5.2511675 2.2699371 -34.779864 -3.6569358 -5.2511675 -3.6569358 19.514595 
-8.4782583 -0.076291967 15.075404 -0.076291967 -15.679576 0.54486896 15.075404 0.54486896 24.157834 
-5.4428206 -0.11195994 -1.2684095 -0.11195994 27.463985 5.7216778 -1.2684095 5.7216778 -22.021164 
8.2474794 -1.5199323 16.714955 -1.5199323 9.8676469 1.5699607 16.714955 1.5699607 -18.115126 
7.4134358 2.5593047 -15.670479 2.5593047 -0.73640898 -4.6971344 -15.670479 -4.6971344 -6.6770268 
-9.6456716 -0.23928189 4.3159994 -0.23928189 17.287249 -0.60852323 4.3159994 -0.60852323 -7.6415772 
-13.058226 -0.47598347 -19.404121 -0.47598347 -9.7592702 4.2868707 -19.404121 4.2868707 22.817496 
7.3164939 -2.3363134 -1.7608494 -2.3363134 -28.432239 0.021959967 -1.7608494 0.021959967 21.115745 
49.412569 -4.2768034 7.806605 -4.2768034 -17.385445 0.56630078 7.806605 0.56630078 -32.027124 
-52.319429 -1.5751188 4.5879984 -1.5751188 41.691044 -1.5733045 4.5879984 -1.5733045 10.628385 
-10.712647 0.13816665 9.7707794 0.13816665 11.379686 7.8990921 9.7707794 7.8990921 -0.66703848 
6.1090855 2.3459142 7.9975159 2.3459142 -51.503285 13.401037 7.9975159 13.401037 45.3942 
2.4948169 -4.5792246 -5.5918223 -4.5792246 -47.121039 -7.4454312 -5.5918223 -7.4454312 44.626222 
-7.2379772 -4.3125033 -7.9203268 -4.3125033 13.305371 -12.397747 -7.9203268 -12.397747 -6.0673938 
-49.876109 4.531184 -9.4659798 4.531184 40.977395 -0.0024776816 -9.4659798 -0.0024776816 8.8987143 
58.944827 4.3039681 -10.349141 4.3039681 -20.555655 2.6867567 -10.349141 2.6867567 -38.389172 
13.812352 1.3009076 6.6414819 1.3009076 -21.062175 8.7334604 6.6414819 8.7334604 7.2498225 
-6.8143461 -2.8077281 -7.2977994 -2.8077281 -26.59378 12.56625 -7.2977994 12.56625 33.408126 
15.745039 1.2905743 5.9706703 1.2905743 14.923303 3.4616692 5.9706703 3.4616692 -30.668342 
-14.533361 -1.9631698 4.0056496 -1.9631698 24.343484 3.7099539 4.0056496 3.7099539 -9.8101228 
-16.398734 7.6608772 4.7842492 7.6608772 12.35444 -1.8878639 4.7842492 -1.8878639 4.0442938 
15.136271 1.3306342 -9.0867706 1.3306342 5.9980404 -1.1551873 -9.0867706 -1.1551873 -21.134311 
-13.698239 -2.5342833 -5.8533912 -2.5342833 -22.977268 -7.4355837 -5.8533912 -7.4355837 36.675507 
8.1850638 -8.0096347 -7.7501504 -8.0096347 -14.381881 -10.287413 -7.7501504 -10.287413 6.1968177 
-25.794635 2.3883896 -2.7107361 2.3883896 48.553252 -7.5522481 -2.7107361 -7.5522481 -22.758617 
32.671112 14.733241 -6.2334383 14.733241 -1.1708308 -6.3438216 -6.2334383 -6.3438216 -31.500282 
22.155989 -14.469722 2.0286693 -14.469722 -49.76755 -7.2269743 2.0286693 -7.2269743 27.611561 
-17.027657 -2.5882843 -1.2756779 -2.5882843 -7.6271754 -3.985511 -1.2756779 -3.985511 24.654832 
-29.794429 -2.9201457 7.1999248 -2.9201457 -2.5330824 4.0544331 7.1999248 4.0544331 32.327511 
23.523455 1.9616881 3.9532561 1.9616881 -48.82296 5.7283166 3.9532561 5.7283166 25.299505 
23.765099 -4.3543091 2.5485727 -4.3543091 -6.1732139 4.1686534 2.5485727 4.1686534 -17.591885 
-20.566411 0.064110721 -0.47974109 0.064110721 39.401366 7.8755738 -0.47974109 7.8755738 -18.834955 
-25.447792 -0.79785774 1.5765208 -0.79785774 5.6457055 -3.2174932 1.5765208 -3.2174932 19.802086 
26.340764 -3.2129043 2.469012 -3.2129043 -17.63338 9.3374342 2.469012 9.3374342 -8.7073837 
-5.8887608 4.0141385 -3.8474826 4.0141385 -7.0046312 -17.648395 -3.8474826 -17.648395 12.893392 
5.2983061 1.9820989 1.0579415 1.9820989 10.954093 -5.2481502 1.0579415 -5.2481502 -16.252399 
-2.2850516 -0.99825287 -2.3222304 -0.99825287 8.1711858 15.135828 -2.3222304 15.135828 -5.8861342 
1.4183986 -3.2138289 -1.5611383 -3.2138289 -17.060005 3.1810911 -1.5611383 3.1810911 15.641606 
16.090997 4.7531376 -0.99684402 4.7531376 -10.080722 1.4274924 -0.99684402 1.4274924 -6.0102755 
-20.807041 2.9205686 3.7771811 2.9205686 5.9258968 -10.681928 3.7771811 -10.681928 14.881144 
32.57368 11.604385 -0.063098627 11.604385 -38.908964 -3.9005626 -0.063098627 -3.9005626 6.3352832 
-28.926575 6.1351962 5.2438076 6.1351962 -23.620516 3.4422207 5.2438076 3.4422207 52.54709 
17.079617 -5.8823651 -5.2861939 -5.8823651 29.847104 11.960643 -5.2861939 11.960643 -46.926721 
-10.992787 -10.69007 6.5559999 -10.69007 21.167791 5.0942091 6.5559999 5.0942091 -10.175004 
-14.405135 14.657995 -5.8913721 14.657995 21.451074 -11.766331 -5.8913721 -11.766331 -7.0459393 
16.666494 5.442999 -1.3597044 5.442999 33.355237 -7.4488244 -1.3597044 -7.4488244 -50.021731 
-30.042422 -4.900591 -8.2441879 -4.900591 -29.341508 3.3216913 -8.2441879 3.3216913 59.38393 
34.457058 -13.454102 2.8227675 -13.454102 -41.405106 -6.5700189 2.8227675 -6.5700189 6.9480485 
41.592245 -7.7584239 -1.1923652 -7.7584239 -4.0871447 3.2768247 -1.1923652 3.2768247 -37.5051 
-38.602947 -1.5748314 10.118217 -1.5748314 30.136616 0.03583837 10.118217 0.03583837 8.4663314 
16.09772 1.0526595 2.0685092 1.0526595 -0.043209499 1.9870152 2.0685092 1.9870152 -16.054511 
-10.875842 7.443281 6.4330896 7.443281 -26.345157 7.2342068 6.4330896 7.2342068 37.220999 
-9.9310873 2.4303704 -11.499552 2.4303704 -37.00151 -2.0865946 -11.499552 -2.0865946 46.932597 
3.0388808 0.056398106 -0.48893911 0.056398106 -3.456574 -6.375464 -0.48893911 -6.375464 0.41769313 
-34.695361 1.7039015 -1.9174074 1.7039015 22.928756 -4.4500519 -1.9174074 -4.4500519 11.766605 
31.496237 -0.46304174 2.1472033 -0.46304174 -4.0520155 -0.25074343 2.1472033 -0.25074343 -27.444222 
-5.1075639 13.002966 -5.9321465 13.002966 2.140761 -12.10752 -5.9321465 -12.10752 2.966803 
-5.4446359 -4.961221 2.5813166 -4.961221 -36.200675 -15.236623 2.5813166 -15.236623 41.645311 
41.301375 4.5576441 -1.7692964 4.5576441 -12.537006 2.2135075 -1.7692964 2.2135075 -28.764368 
-37.16569 -12.785781 6.3530897 -12.785781 30.338384 -4.9021285 6.3530897 -4.9021285 6.8273064 
-38.17679 10.709741 -3.7368146 10.709741 40.778371 -3.7415256 -3.7368146 -3.7415256 -2.6015812 
40.346464 1.4654893 4.5834036 1.4654893 -0.59164973 2.8488481 4.5834036 2.8488481 -39.754814 
1.6960209 -1.155947 -8.2509525 -1.155947 -42.914753 10.11809 -8.2509525 10.11809 41.218732 
2.0892817 -9.7794364 -0.32181121 -9.7794364 -3.0679475 12.721931 -0.32181121 12.721931 0.97866576 
16.564053 -14.145459 7.236443 -14.145459 -3.7791036 -5.346423 7.236443 -5.346423 -12.784949 
-16.150207 -3.1085193 4.0430501 -3.1085193 33.740891 -8.9149132 4.0430501 -8.9149132 -17.590684 
-14.668636 1.2082912 14.828896 1.2082912 -1.75833 8.6154877 14.828896 8.6154877 16.426966 
28.840858 11.490302 6.512554 11.490302 -40.041421 2.6022109 6.512554 2.6022109 11.200562 
16.522292 -9.2700107 -3.394886 -9.2700107 -28.653993 -7.6395067 -3.394886 -7.6395067 12.131701 
-26.310941 0.78276668 -6.2780084 0.78276668 9.7472119 -7.3881818 -6.2780084 -7.3881818 16.563729 
-12.217949 -2.5469768 -5.5630844 -2.5469768 19.197571 6.6792758 -5.5630844 6.6792758 -6.9796227 
21.172572 6.7508714 -13.569156 6.7508714 -18.204308 4.485814 -13.569156 4.485814 -2.9682636 
-43.633773 -9.5498416 3.2038691 -9.5498416 5.1368114 0.21052663 3.2038691 0.21052663 38.496961 
52.323937 -5.6812962 7.8254657 -5.6812962 -41.875837 -0.56666609 7.8254657 -0.56666609 -10.4481 
5.76816 4.9730503 7.542274 4.9730503 -12.008672 3.6487619 7.542274 3.6487619 6.2405115 
-7.0219207 8.9645831 5.6357294 8.9645831 42.661863 -6.1213197 5.6357294 -6.1213197 -35.639942 
-4.744821 -2.5487205 -6.9619966 -2.5487205 37.439423 -3.1128113 -6.9619966 -3.1128113 -32.694602 
0.61346953 -9.8974092 -2.0600054 -9.8974092 -16.916242 5.7902494 -2.0600054 5.7902494 16.302772 
51.301351 10.170665 -4.1650316 10.170665 -44.175379 0.61540922 -4.1650316 0.61540922 -7.1259724 
-52.088149 2.9449639 -5.7911817 2.9449639 3.1521399 0.5255811 -5.7911817 0.5255811 48.936009 
25.178895 1.2298607 -9.8444425 1.2298607 1.7424364 0.19374454 -9.8444425 0.19374454 -26.921331 
-16.720773 7.5017297 -5.7623794 7.5017297 31.305591 -7.7980799 -5.7623794 -7.7980799 -14.584819 
-13.072479 -6.015652 -2.7934041 -6.015652 -0.95915461 -0.67972798 -2.7934041 -0.67972798 14.031634 
12.703985 0.65722352 -8.3026897 0.65722352 -37.500915 0.25064743 -8.3026897 0.25064743 24.79693 
2.2689726 -6.1209507 5.5056274 -6.1209507 -35.401631 -0.92629558 5.5056274 -0.92629558 33.132658 
-10.718705 8.9046392 9.6127548 8.9046392 -5.3162904 -1.7960314 9.6127548 -1.7960314 16.034996 
-25.204209 -9.2800233 7.1546598 -9.2800233 29.887872 -2.4164053 7.1546598 -2.4164053 -4.6836636 
29.484245 6.1465732 1.6704385 6.1465732 -6.1317027 5.6360587 1.6704385 5.6360587 -23.352542 
25.051788 -10.178796 1.9482451 -10.178796 -52.089591 7.3847867 1.9482451 7.3847867 27.037803 
-18.315831 -7.6196774 -8.6532578 -7.6196774 0.32096941 2.7255623 -8.6532578 2.7255623 17.994861 
